4294967294,221
266,6
266,5
266,4
266,3
266,2
266,1
265,5
265,4
4294967294,437
265,3
265,2
265,1
264,4
264,3
264,2
264,1
263,5
263,4
263,3
263,2
263,1
262,5
262,4
262,3
262,2
262,1
261,5
261,4
261,3
261,2
261,1
260,5
260,4
260,3
260,2
260,1
259,5
259,4
259,3
259,2
259,1
258,5
258,4
258,3
258,2
258,1
257,4
257,3
257,2
257,1
4294967278,403
256,6
256,5
256,4
256,3
256,2
256,1
255,5
255,4
255,3
255,2
255,1
254,4
254,3
254,2
254,1
253,5
253,4
253,3
253,2
253,1
252,5
252,4
252,3
252,2
252,1
251,5
251,4
251,3
251,2
251,1
250,5
250,4
250,3
250,2
250,1
249,5
249,4
249,3
249,2
249,1
248,5
248,4
248,3
248,2
248,1
247,4
247,3
247,2
247,1
4294967278,402
246,6
246,5
246,4
246,3
246,2
246,1
245,5
245,4
245,3
245,2
245,1
244,4
244,3
244,2
244,1
243,5
243,4
243,3
243,2
243,1
242,5
242,4
242,3
242,2
242,1
241,5
241,4
241,3
241,2
241,1
240,5
240,4
240,3
240,2
240,1
239,5
239,4
239,3
239,2
239,1
238,5
238,4
238,3
238,2
238,1
237,4
237,3
237,2
237,1
236,6
236,5
236,4
236,3
236,2
236,1
235,5
235,4
235,3
235,2
235,1
234,4
234,3
234,2
234,1
233,5
233,4
233,3
233,2
233,1
232,5
232,4
232,3
232,2
232,1
231,5
231,4
231,3
231,2
231,1
230,5
230,4
230,3
230,2
230,1
229,5
229,4
229,3
229,2
229,1
228,5
228,4
228,3
228,2
228,1
227,4
227,3
227,2
227,1
4294967278,401
4294967279,468
226,6
226,5
226,4
226,3
226,2
226,1
225,5
225,4
225,3
225,2
225,1
224,4
224,3
224,2
224,1
223,5
223,4
223,3
223,2
223,1
222,5
222,4
222,3
222,2
222,1
221,5
221,4
221,3
221,2
221,1
220,5
220,4
220,3
220,2
220,1
219,5
219,4
219,3
219,2
219,1
218,5
218,4
218,3
218,2
218,1
217,4
217,3
217,2
217,1
4294967279,467
4294967278,400
216,6
216,5
216,4
216,3
216,2
216,1
215,5
215,4
215,3
215,2
215,1
214,4
214,3
214,2
214,1
213,5
213,4
213,3
213,2
213,1
212,5
212,4
212,3
212,2
212,1
211,5
211,4
211,3
211,2
211,1
210,5
210,4
210,3
210,2
210,1
209,5
209,4
209,3
209,2
209,1
208,5
208,4
208,3
208,2
208,1
4294967278,399
207,4
207,3
207,2
207,1
4294967278,398
4294967279,466
206,6
206,5
206,4
206,3
206,2
206,1
205,5
205,4
205,3
205,2
205,1
204,4
204,3
204,2
204,1
203,5
203,4
203,3
203,2
203,1
202,5
202,4
202,3
202,2
202,1
201,5
201,4
201,3
201,2
201,1
200,5
200,4
200,3
200,2
200,1
199,5
199,4
199,3
199,2
199,1
198,5
198,4
198,3
198,2
198,1
4294967279,465
197,4
197,3
197,2
197,1
4294967279,464
196,6
196,5
196,4
196,3
196,2
196,1
195,5
195,4
195,3
195,2
195,1
194,4
194,3
194,2
194,1
193,5
193,4
193,3
193,2
193,1
192,5
192,4
192,3
192,2
192,1
191,5
191,4
191,3
191,2
191,1
190,5
190,4
190,3
190,2
190,1
189,5
189,4
189,3
189,2
189,1
188,5
188,4
188,3
188,2
188,1
4294967278,397
187,4
187,3
187,2
187,1
186,6
186,5
186,4
186,3
186,2
186,1
185,5
185,4
185,3
185,2
185,1
184,4
184,3
184,2
184,1
183,5
183,4
183,3
183,2
183,1
182,5
182,4
182,3
182,2
182,1
181,5
181,4
181,3
181,2
181,1
180,5
180,4
180,3
180,2
180,1
179,5
179,4
179,3
179,2
179,1
178,5
178,4
178,3
178,2
178,1
4294967279,463
177,4
177,3
177,2
177,1
4294967278,396
176,6
176,5
176,4
176,3
176,2
176,1
175,5
175,4
175,3
175,2
175,1
174,4
174,3
174,2
174,1
173,5
173,4
173,3
173,2
173,1
4294967278,395
172,5
172,4
172,3
172,2
172,1
171,5
171,4
171,3
171,2
171,1
170,5
170,4
170,3
170,2
170,1
169,5
169,4
169,3
169,2
169,1
168,5
168,4
168,3
168,2
168,1
167,4
167,3
167,2
167,1
166,6
166,5
166,4
166,3
166,2
166,1
165,5
165,4
165,3
165,2
165,1
164,4
164,3
164,2
164,1
163,5
163,4
163,3
163,2
163,1
162,5
162,4
162,3
162,2
162,1
161,5
161,4
161,3
161,2
161,1
160,5
160,4
160,3
160,2
160,1
159,5
159,4
159,3
159,2
159,1
158,5
158,4
158,3
158,2
158,1
157,4
157,3
157,2
157,1
156,6
156,5
156,4
156,3
156,2
156,1
155,5
155,4
155,3
155,2
155,1
154,4
154,3
154,2
154,1
153,5
153,4
153,3
153,2
153,1
152,5
152,4
152,3
152,2
152,1
151,5
151,4
151,3
151,2
151,1
150,5
150,4
150,3
150,2
150,1
149,5
149,4
149,3
149,2
149,1
148,5
148,4
148,3
148,2
148,1
4294967279,462
147,4
147,3
147,2
147,1
4294967278,394
4294967278,393
146,6
146,5
146,4
146,3
146,2
146,1
145,5
145,4
145,3
145,2
145,1
144,4
144,3
144,2
144,1
143,5
143,4
143,3
143,2
143,1
142,5
142,4
142,3
142,2
142,1
141,5
141,4
141,3
141,2
141,1
140,5
140,4
140,3
140,2
140,1
139,5
139,4
139,3
139,2
139,1
138,5
138,4
138,3
138,2
138,1
137,4
137,3
137,2
137,1
4294967279,461
4294967279,460
136,6
136,5
136,4
136,3
136,2
136,1
135,5
135,4
135,3
135,2
135,1
134,4
134,3
134,2
134,1
133,5
133,4
133,3
133,2
133,1
132,5
132,4
132,3
132,2
132,1
131,5
131,4
131,3
131,2
131,1
130,5
130,4
130,3
130,2
130,1
129,5
129,4
129,3
129,2
129,1
128,5
128,4
128,3
128,2
128,1
127,4
127,3
127,2
127,1
4294967278,392
126,6
126,5
126,4
126,3
126,2
126,1
125,5
125,4
125,3
125,2
125,1
124,4
124,3
124,2
124,1
123,5
123,4
123,3
123,2
123,1
122,5
122,4
122,3
122,2
122,1
121,5
121,4
121,3
121,2
121,1
120,5
120,4
120,3
120,2
120,1
119,5
119,4
119,3
119,2
119,1
118,5
118,4
118,3
118,2
118,1
117,4
